510051
510181
510881
510061
510011
510021
510131
510301
510031
510091
510071
510161
510111
510191
510171
510151
510221
510211
510231
510121
510271
510291
510411
510901
510431
510441
510331
510501
511991
510311
511011
510631
510651
510661
510511
511881
513101
518881
518801
512011
512071
510681
513501
512121
512601
512611
512641
512221
513031
512301
512311
512331
512341
511221
511861
511801
511811
513601
513661
512991
512501
512511
510561
510711
511831
513051
510361
510581
511981
511901
511931
511961
511921
511821
512801
512661
512881
511911
511951
511851
511971
512001
512811
510811
512681
511701
511601
511661
512101
511691
512901
512581
511651
512401
512201
512701
511771
512551
511621
511261
512561
512571
511671
510801
510381
512981
510391
511281
511311
511291
510601
510591
512861
513901
512161
512781
512521
512181
512281
512361
512391
512091
512771
512851
511271
512961
512041
512261
512271
512821
513681
512951
510851
512381
512921
512871
510551
510891
512151
512891
511021
511031
512591
512291
512691
510351
512911
512171
510531
512751
512191
512481
512761
512791
512931
512651
512671
512711
512721
510101
513881
513801
513521
513001
512531
512971
515301
515881
515001
515801
515331
515661
515311
515361
511061
515651
515851
515521
515601
515901
515681
515861
515551
515011
515991
515151
515111
515051
515021
515201
515811
515081
515581
515951
515981
512731
515351
515751
515591
515871
515391
515061
515381
515181
515571
515211
515451
515071
515221
515161
515701
511381
515091
515031
515891
513091
515631
515281
